Elapsed Sec,Evacuee Count
0.14,0
0.4799997,0
0.7999994,0
1.139999,0
1.479999,0
1.799999,0
2.139998,0
2.479998,0
2.799998,0
3.139997,0
3.479997,0
3.799997,0
4.139997,0
4.479996,0
4.799996,0
5.139996,0
5.479995,0
5.799995,0
6.139995,0
6.479994,0
6.799994,0
7.139994,0
7.479993,0
7.799993,0
8.139996,0
8.480003,0
8.800011,0
9.140018,0
9.480026,0
9.800034,0
10.14004,0
10.48005,0
10.80006,0
11.14006,0
11.48007,0
11.80008,0
12.14009,0
12.48009,0
12.8001,0
13.14011,0
13.48012,0
13.80013,0
14.14013,0
14.48014,0
14.80015,0
15.14016,0
15.48016,0
15.80017,0
16.14018,0
16.48019,0
16.80019,0
17.1402,0
17.48021,0
17.80022,0
18.14022,0
18.48023,0
18.80024,0
19.14025,0
19.48026,0
19.80026,0
20.14027,0
20.48028,0
20.80029,0
21.14029,0
21.4803,0
21.80031,0
22.14032,0
22.48032,0
22.80033,0
23.14034,0
23.48035,0
23.80035,0
24.14036,0
24.48037,0
24.80038,0
25.14038,0
25.48039,0
25.8004,0
26.14041,0
26.48042,0
26.80042,0
27.14043,0
27.48044,0
27.80045,0
28.14045,0
28.48046,0
28.80047,0
29.14048,0
29.48048,0
29.80049,0
30.1405,0
30.48051,0
30.80051,0
31.14052,0
31.48053,0
31.80054,0
32.14054,0
32.48055,0
32.80056,0
33.14057,0
33.48058,0
33.80058,0
34.14059,0
34.4806,0
34.80061,0
35.14061,0
35.48062,0
35.80063,0
36.14064,0
36.48064,0
36.80065,0
37.14066,0
37.48067,0
37.80067,0
38.14068,0
38.48069,0
38.8007,0
39.14071,0
39.48071,0
39.80072,0
40.14073,0
40.48074,0
40.80074,0
41.14075,0
41.48076,0
41.80077,0
42.14077,0
42.48078,0
42.80079,0
43.1408,0
43.4808,0
43.80081,0
44.14082,0
44.48083,0
44.80083,0
45.14084,0
45.48085,0
45.80086,0
46.14087,0
46.48087,0
46.80088,0
47.14089,0
47.4809,0
47.8009,0
48.14091,0
48.48092,0
48.80093,0
49.14093,0
49.48094,0
49.80095,0
50.14096,0
50.48096,0
50.80097,0
51.14098,0
51.48099,0
51.80099,0
52.141,0
52.48101,0
52.80102,0
53.14103,0
53.48103,0
53.80104,0
54.14105,0
54.48106,0
54.80106,0
55.14107,0
55.48108,0
55.80109,0
56.14109,0
56.4811,0
56.80111,0
57.14112,0
57.48112,0
57.80113,0
58.14114,0
58.48115,0
58.80116,0
59.14116,0
59.48117,0
59.80118,0
60.14119,0
60.48119,0
60.8012,0
61.14121,0
61.48122,0
61.80122,0
62.14123,0
62.48124,0
62.80125,0
63.14125,0
63.48126,0
63.80127,0
64.14125,0
64.48119,0
64.80114,0
65.14108,0
65.48103,0
65.80097,0
66.14091,0
66.48086,0
66.8008,0
67.14075,0
67.48069,0
67.80064,0
68.14058,0
68.48052,0
68.80047,0
69.14041,0
69.48035,0
69.8003,0
70.14024,0
70.48019,0
70.80013,0
71.14008,0
71.48002,0
71.79996,0
72.13991,0
72.47985,0
72.7998,0
73.13974,0
73.47968,0
73.79963,0
74.13957,0
74.47952,0
74.79946,0
75.1394,0
75.47935,0
75.79929,0
76.13924,0
76.47918,0
76.79913,0
77.13907,0
77.47901,0
77.79896,0
78.1389,0
78.47884,0
78.79879,0
79.13873,0
79.47868,0
79.79862,0
80.13857,0
80.47851,0
80.79845,0
81.1384,0
81.47834,0
81.79829,0
82.13823,0
82.47817,0
82.79812,0
83.13806,0
83.478,0
83.79795,0
84.13789,0
84.47784,0
84.79778,0
85.13773,0
85.47767,0
85.79762,0
86.13756,0
86.4775,0
86.79745,0
87.13739,0
87.47733,0
87.79728,0
88.13722,0
88.47717,0
88.79711,0
89.13705,0
89.477,0
89.79694,0
90.13689,0
90.47683,0
90.79678,0
91.13672,0
91.47666,0
91.79661,0
92.13655,0
92.47649,0
92.79644,0
93.13638,0
93.47633,0
93.79627,0
94.13622,0
94.47616,0
94.7961,0
95.13605,0
95.47599,0
95.79594,0
96.13588,0
96.47582,0
96.79577,0
97.13571,0
97.47565,0
97.7956,0
98.13554,0
98.47549,0
98.79543,0
99.13538,0
99.47532,0
99.79527,0
100.1352,0
100.4752,0
100.7951,0
101.135,0
101.475,0
101.7949,0
102.1349,0
102.4748,0
102.7948,0
103.1347,0
103.4746,0
103.7946,0
104.1345,0
104.4745,0
104.7944,0
105.1344,0
105.4743,0
105.7943,0
106.1342,0
106.4741,0
106.7941,0
107.134,0
107.474,0
107.7939,0
108.1339,0
108.4738,0
108.7938,0
109.1337,0
109.4736,0
109.7936,0
110.1335,0
110.4735,0
110.7934,0
111.1334,0
111.4733,0
111.7933,0
112.1332,0
112.4731,0
112.7931,0
113.133,0
113.473,0
113.7929,0
114.1329,0
114.4728,0
114.7927,0
115.1327,0
115.4726,0
115.7926,0
116.1325,0
116.4725,0
116.7924,0
117.1324,0
117.4723,0
117.7922,0
118.1322,0
118.4721,0
118.7921,0
119.132,0
119.472,0
119.7919,0
120.1319,0
120.4718,0
120.7917,0
121.1317,0
121.4716,0
121.7916,0
122.1315,0
122.4715,0
122.7914,0
123.1313,0
123.4713,0
123.7912,0
124.1312,0
124.4711,0
124.7911,0
125.131,0
125.471,0
125.7909,0
126.1308,0
126.4708,0
126.7907,0
127.1307,0
127.4706,0
127.7906,0
128.1306,0
128.4706,0
128.7907,0
129.1308,0
129.4708,0
129.7909,0
130.131,0
130.4711,0
130.7911,0
131.1312,0
131.4713,0
131.7913,0
132.1314,0
132.4715,0
132.7915,0
133.1316,0
133.4717,0
133.7918,0
134.1318,0
134.4719,0
134.792,0
135.132,0
135.4721,0
135.7922,0
136.1323,0
136.4723,0
136.7924,0
137.1325,0
137.4725,0
137.7926,0
138.1327,0
138.4728,0
138.7928,0
139.1329,0
139.473,0
139.793,0
140.1331,0
140.4732,0
140.7933,0
141.1333,0
141.4734,0
141.7935,0
142.1335,0
142.4736,0
142.7937,0
143.1338,0
143.4738,0
143.7939,0
144.134,0
144.474,0
144.7941,0
145.1342,0
145.4743,0
145.7943,0
146.1344,0
146.4745,0
146.7945,0
147.1346,0
147.4747,0
147.7948,0
148.1348,0
148.4749,0
148.795,0
149.135,0
149.4751,0
149.7952,0
150.1353,0
150.4753,0
150.7954,0
151.1355,0
151.4755,0
151.7956,0
152.1357,0
152.4758,0
152.7958,0
153.1359,0
153.476,0
153.796,0
154.1361,0
154.4762,0
154.7962,0
155.1363,0
155.4764,0
155.7965,0
156.1365,0
156.4766,0
156.7967,0
157.1367,0
157.4768,0
157.7969,0
158.137,0
158.477,0
158.7971,0
159.1372,0
159.4772,0
159.7973,0
160.1374,0
160.4775,0
160.7975,0
161.1376,0
161.4777,0
161.7977,0
162.1378,0
162.4779,0
162.798,0
163.138,0
163.4781,0
163.7982,0
164.1382,0
164.4783,0
164.7984,0
165.1385,0
165.4785,0
165.7986,0
166.1387,0
166.4787,0
166.7988,0
167.1389,0
167.479,0
167.799,0
168.1391,0
168.4792,0
168.7992,0
169.1393,0
169.4794,0
169.7995,0
170.1395,0
170.4796,0
170.7997,0
171.1397,0
171.4798,0
171.7999,0
172.14,0
172.48,0
172.8001,0
173.1402,0
173.4802,0
173.8003,0
174.1404,0
174.4805,0
174.8005,0
175.1406,0
175.4807,0
175.8007,0
176.1408,0
176.4809,0
176.8009,0
177.141,0
177.4811,0
177.8012,0
178.1412,0
178.4813,0
178.8014,0
179.1414,0
179.4815,0
179.8016,0
180.1417,0
180.4817,0
180.8018,0
181.1419,0
181.4819,0
181.802,0
182.1421,0
182.4822,0
182.8022,0
183.1423,0
183.4824,0
183.8024,0
184.1425,0
184.4826,0
184.8027,0
185.1427,0
185.4828,0
185.8029,0
186.1429,0
186.483,0
186.8031,0
187.1432,0
187.4832,0
187.8033,0
188.1434,0
188.4834,0
188.8035,0
189.1436,0
189.4837,0
189.8037,0
190.1438,0
190.4839,0
190.8039,0
191.144,0
191.4841,0
191.8042,0
192.1442,0
192.4843,0
192.8044,0
193.1444,0
193.4845,0
193.8046,0
194.1447,0
194.4847,0
194.8048,0
195.1449,0
195.4849,0
195.805,0
196.1451,0
196.4852,0
196.8052,0
197.1453,0
197.4854,0
197.8054,0
198.1455,0
198.4856,0
198.8056,0
199.1457,0
199.4858,0
199.8059,0
200.1459,0
200.486,0
200.8061,0
201.1461,0
201.4862,0
201.8063,0
202.1464,0
202.4864,0
202.8065,0
203.1466,0
203.4866,0
203.8067,0
204.1468,0
204.4869,0
204.8069,0
205.147,0
205.4871,0
205.8071,0
206.1472,0
206.4873,0
206.8074,0
207.1474,0
207.4875,0
207.8076,0
208.1476,0
208.4877,0
208.8078,0
209.1479,0
209.4879,0
209.808,0
210.1481,0
210.4881,0
210.8082,0
211.1483,0
211.4884,0
211.8084,0
212.1485,0
212.4886,0
212.8086,0
213.1487,0
213.4888,0
213.8089,0
214.1489,0
214.489,0
214.8091,0
215.1491,0
215.4892,0
215.8093,0
216.1494,0
216.4894,0
216.8095,0
217.1496,0
217.4896,0
217.8097,0
218.1498,0
218.4899,0
218.8099,0
219.15,0
219.4901,0
219.8101,0
220.1502,0
220.4903,0
220.8103,0
221.1504,0
221.4905,0
221.8106,0
222.1506,0
222.4907,0
222.8108,0
223.1508,0
223.4909,0
223.811,0
224.1511,0
224.4911,0
224.8112,0
225.1513,0
225.4913,0
225.8114,0
226.1515,0
226.4916,0
226.8116,0
227.1517,0
227.4918,0
227.8118,0
228.1519,0
228.492,0
228.8121,0
229.1521,0
229.4922,0
229.8123,0
230.1523,0
230.4924,0
230.8125,0
231.1526,0
231.4926,0
231.8127,0
232.1528,0
232.4928,0
232.8129,0
233.153,0
233.4931,0
233.8131,0
234.1532,0
234.4933,0
234.8133,0
235.1534,0
235.4935,0
235.8136,0
236.1536,0
236.4937,0
236.8138,0
237.1538,0
237.4939,0
237.814,0
238.1541,1
238.4941,1
238.8142,1
239.1543,2
239.4943,3
239.8144,5
240.1545,5
240.4946,6
240.8146,6
241.1547,6
241.4948,7
241.8148,7
242.1549,8
242.495,9
242.815,9
243.1551,9
243.4952,11
243.8153,11
244.1553,11
244.4954,13
244.8155,14
245.1555,15
245.4956,15
245.8157,18
246.1558,18
246.4958,19
246.8159,19
247.156,20
247.496,20
247.8161,21
248.1562,21
248.4963,23
248.8163,23
249.1564,26
249.4965,27
249.8165,27
250.1566,27
250.4967,29
250.8168,31
251.1568,33
251.4969,33
251.817,33
252.157,33
252.4971,36
252.8172,38
253.1573,39
253.4973,40
253.8174,42
254.1575,46
254.4975,49
254.8176,50
255.1577,50
255.4978,50
255.8178,50
256.1578,50
256.4976,50
256.8174,50
257.1572,50
257.497,50
257.8169,50
258.1567,50
258.4965,50
258.8163,50
259.1561,50
259.4959,50
259.8158,50
260.1556,50
260.4954,50
260.8152,50
261.155,50
261.4948,50
261.8147,50
262.1545,50
262.4943,50
262.8141,50
263.1539,50
263.4937,50
263.8136,50
264.1534,50
264.4932,50
264.813,50
265.1528,50
265.4926,50
265.8125,50
266.1523,50
266.4921,50
266.8119,50
267.1517,50
267.4915,50
267.8114,50
268.1512,50
268.491,50
268.8108,50
269.1506,50
269.4904,50
269.8103,50
270.1501,50
270.4899,50
270.8097,50
271.1495,50
271.4893,50
271.8092,50
272.149,50
272.4888,50
272.8086,50
273.1484,50
273.4883,50
273.8081,50
274.1479,50
274.4877,50
274.8075,50
275.1473,50
275.4872,50
275.807,50
276.1468,50
276.4866,50
276.8064,50
277.1462,50
277.4861,50
277.8059,50
278.1457,50
278.4855,50
278.8053,50
279.1451,50
279.485,50
279.8048,50
280.1446,50
280.4844,50
280.8042,50
281.144,50
281.4839,50
281.8037,50
282.1435,50
282.4833,50
282.8031,50
283.1429,50
283.4828,50
283.8026,50
284.1424,50
284.4822,50
284.802,50
285.1418,50
285.4817,50
285.8015,50
286.1413,50
286.4811,50
286.8009,50
287.1407,50
287.4806,50
287.8004,50
288.1402,50
288.48,50
288.7998,50
289.1396,50
289.4795,50
289.7993,50
290.1391,50
290.4789,50
290.7987,50
291.1385,50
291.4784,50
291.7982,50
292.138,50
292.4778,50
292.7976,50
293.1375,50
293.4773,50
293.7971,50
294.1369,50
294.4767,50
294.7965,50
295.1364,50
295.4762,50
295.796,50
296.1358,50
296.4756,50
296.7954,50
297.1353,50
297.4751,50
297.7949,50
298.1347,50
298.4745,50
298.7943,50
299.1342,50
299.474,50
299.7938,50
300.1336,50
300.4734,50
300.7932,50
301.1331,50
301.4729,50
301.7927,50
302.1325,50
302.4723,50
302.7921,50
303.132,50
303.4718,50
303.7916,50
304.1314,50
304.4712,50
304.791,50
305.1309,50
305.4707,50
305.7905,50
306.1303,50
306.4701,50
306.7899,50
307.1298,50
307.4696,50
307.7894,50
308.1292,50
308.469,50
308.7888,50
309.1287,50
309.4685,50
309.7883,50
310.1281,50
310.4679,50
310.7878,50
311.1276,50
311.4674,50
311.7872,50
312.127,50
312.4668,50
312.7867,50
313.1265,50
313.4663,50
313.7861,50
314.1259,50
314.4657,50
314.7856,50
315.1254,50
315.4652,50
315.785,50
316.1248,50
316.4646,50
316.7845,50
317.1243,50
317.4641,50
317.7839,50
318.1237,50
318.4635,50
318.7834,50
319.1232,50
319.463,50
319.7828,50
320.1226,50
320.4624,50
320.7823,50
321.1221,50
321.4619,50
321.7817,50
322.1215,50
322.4613,50
322.7812,50
323.121,50
323.4608,50
323.7806,50
324.1204,50
324.4602,50
324.7801,50
325.1199,50
325.4597,50
325.7795,50
326.1193,50
326.4591,50
326.779,50
327.1188,50
327.4586,50
327.7784,50
328.1182,50
328.458,50
328.7779,50
329.1177,50
329.4575,50
329.7773,50
330.1171,50
330.4569,50
330.7768,50
331.1166,50
331.4564,50
331.7762,50
332.116,50
332.4558,50
332.7757,50
333.1155,50
333.4553,50
333.7751,50
334.1149,50
334.4547,50
334.7746,50
335.1144,50
335.4542,50
335.774,50
336.1138,50
336.4536,50
336.7735,50
337.1133,50
337.4531,50
337.7729,50
338.1127,50
338.4525,50
338.7724,50
339.1122,50
339.452,50
339.7718,50
340.1116,50
340.4514,50
340.7713,50
341.1111,50
341.4509,50
341.7707,50
342.1105,50
342.4503,50
342.7702,50
343.11,50
343.4498,50
343.7696,50
344.1094,50
344.4492,50
344.7691,50
345.1089,50
345.4487,50
345.7685,50
346.1083,50
346.4482,50
346.768,50
347.1078,50
347.4476,50
347.7674,50
348.1072,50
348.4471,50
348.7669,50
349.1067,50
349.4465,50
349.7663,50
350.1061,50
350.446,50
350.7658,50
351.1056,50
351.4454,50
351.7652,50
352.105,50
352.4449,50
352.7647,50
353.1045,50
353.4443,50
353.7641,50
354.1039,50
354.4438,50
354.7636,50
355.1034,50
355.4432,50
355.763,50
356.1028,50
356.4427,50
356.7625,50
357.1023,50
357.4421,50
357.7619,50
358.1017,50
358.4416,50
358.7614,50
359.1012,50
359.441,50
359.7608,50
360.1006,50
360.4405,50
360.7603,50
361.1001,50
361.4399,50
361.7597,50
362.0995,50
362.4394,50
362.7592,50
363.099,50
363.4388,50
363.7586,50
364.0984,50
364.4383,50
364.7581,50
365.0979,50
365.4377,50
365.7575,50
366.0974,50
366.4372,50
366.757,50
367.0968,50
367.4366,50
367.7564,50
368.0963,50
368.4361,50
368.7559,50
369.0957,50
369.4355,50
369.7553,50
370.0952,50
370.435,50
370.7548,50
371.0946,50
371.4344,50
371.7542,50
372.0941,50
372.4339,50
372.7537,50
373.0935,50
373.4333,50
373.7531,50
374.093,50
374.4328,50
374.7526,50
375.0924,50
375.4322,50
375.752,50
376.0919,50
376.4317,50
376.7515,50
377.0913,50
377.4311,50
377.7509,50
378.0908,50
378.4306,50
378.7504,50
379.0902,50
379.43,50
379.7498,50
380.0897,50
380.4295,50
380.7493,50
381.0891,50
381.4289,50
381.7487,50
382.0886,50
382.4284,50
382.7482,50
383.088,50
383.4278,50
383.7477,50
384.0875,50
384.4273,50
384.7471,50
385.0869,50
385.4267,50
385.7466,50
386.0864,50
386.4262,50
386.746,50
387.0858,50
387.4256,50
387.7455,50
388.0853,50
388.4251,50
388.7449,50
389.0847,50
389.4245,50
389.7444,50
390.0842,50
390.424,50
390.7438,50
391.0836,50
391.4234,50
391.7433,50
392.0831,50
392.4229,50
392.7427,50
393.0825,50
393.4223,50
393.7422,50
394.082,50
394.4218,50
394.7416,50
395.0814,50
395.4212,50
395.7411,50
396.0809,50
396.4207,50
396.7405,50
397.0803,50
397.4201,50
397.74,50
398.0798,50
398.4196,50
398.7394,50
399.0792,50
399.419,50
399.7389,50
400.0787,50
400.4185,50
400.7383,50
401.0781,50
401.4179,50
401.7378,50
402.0776,50
402.4174,50
402.7372,50
403.077,50
403.4168,50
403.7367,50
404.0765,50
404.4163,50
404.7361,50
405.0759,50
405.4157,50
405.7356,50
406.0754,50
406.4152,50
406.735,50
407.0748,50
407.4146,50
407.7345,50
408.0743,50
408.4141,50
408.7339,50
409.0737,50
409.4135,50
409.7334,50
410.0732,50
410.413,50
410.7328,50
411.0726,50
411.4124,50
411.7323,50
412.0721,50
412.4119,50
412.7317,50
413.0715,50
413.4113,50
413.7312,50
414.071,50
414.4108,50
414.7306,50
415.0704,50
415.4102,50
415.7301,50
416.0699,50
416.4097,50
416.7295,50
417.0693,50
417.4091,50
417.729,50
418.0688,50
418.4086,50
418.7284,50
419.0682,50
419.4081,50
419.7279,50
420.0677,50
420.4075,50
420.7273,50
421.0671,50
421.407,50
421.7268,50
422.0666,50
422.4064,50
422.7262,50
423.066,50
423.4059,50
423.7257,50
424.0655,50
424.4053,50
424.7251,50
425.0649,50
425.4048,50
425.7246,50
426.0644,50
426.4042,50
426.724,50
427.0638,50
427.4037,50
427.7235,50
428.0633,50
428.4031,50
428.7229,50
429.0627,50
429.4026,50
429.7224,50
430.0622,50
430.402,50
430.7218,50
431.0616,50
431.4015,50
431.7213,50
432.0611,50
432.4009,50
432.7207,50
433.0605,50
433.4004,50
433.7202,50
434.06,50
434.3998,50
434.7196,50
435.0594,50
435.3993,50
435.7191,50
436.0589,50
436.3987,50
436.7185,50
437.0583,50
437.3982,50
437.718,50
438.0578,50
438.3976,50
438.7174,50
439.0573,50
439.3971,50
439.7169,50
440.0567,50
440.3965,50
440.7163,50
441.0562,50
441.396,50
441.7158,50
442.0556,50
442.3954,50
442.7152,50
443.0551,50
443.3949,50
443.7147,50
444.0545,50
444.3943,50
444.7141,50
445.054,50
445.3938,50
445.7136,50
446.0534,50
446.3932,50
446.713,50
447.0529,50
447.3927,50
447.7125,50
448.0523,50
448.3921,50
448.7119,50
449.0518,50
449.3916,50
449.7114,50
450.0512,50
450.391,50
450.7108,50
451.0507,50
451.3905,50
451.7103,50
452.0501,50
452.3899,50
452.7097,50
453.0496,50
453.3894,50
453.7092,50
454.049,50
454.3888,50
454.7086,50
455.0485,50
455.3883,50
455.7081,50
456.0479,50
456.3877,50
456.7076,50
457.0474,50
457.3872,50
457.707,50
458.0468,50
458.3866,50
458.7065,50
459.0463,50
459.3861,50
459.7059,50
460.0457,50
460.3855,50
460.7054,50
461.0452,50
461.385,50
461.7048,50
462.0446,50
462.3844,50
462.7043,50
463.0441,50
463.3839,50
463.7037,50
464.0435,50
464.3833,50
464.7032,50
465.043,50
465.3828,50
465.7026,50
466.0424,50
466.3822,50
466.7021,50
467.0419,50
467.3817,50
467.7015,50
468.0413,50
468.3811,50
468.701,50
469.0408,50
469.3806,50
469.7004,50
470.0402,50
470.38,50
470.6999,50
471.0397,50
471.3795,50
471.6993,50
472.0391,50
472.3789,50
472.6988,50
473.0386,50
473.3784,50
473.6982,50
474.038,50
474.3778,50
474.6977,50
475.0375,50
475.3773,50
475.6971,50
476.0369,50
476.3767,50
476.6966,50
477.0364,50
477.3762,50
477.696,50
478.0358,50
478.3756,50
478.6955,50
479.0353,50
479.3751,50
479.6949,50
480.0347,50
480.3745,50
480.6944,50
481.0342,50
481.374,50
481.6938,50
482.0336,50
482.3734,50
482.6933,50
483.0331,50
483.3729,50
483.6927,50
484.0325,50
484.3723,50
484.6922,50
485.032,50
485.3718,50
485.6916,50
486.0314,50
486.3712,50
486.6911,50
487.0309,50
487.3707,50
487.6905,50
488.0303,50
488.3701,50
488.69,50
489.0298,50
489.3696,50
489.6894,50
490.0292,50
490.369,50
490.6889,50
491.0287,50
491.3685,50
491.6883,50
492.0281,50
492.368,50
492.6878,50
493.0276,50
493.3674,50
493.6872,50
494.027,50
494.3669,50
494.6867,50
495.0265,50
495.3663,50
495.6861,50
496.0259,50
496.3658,50
496.6856,50
497.0254,50
497.3652,50
497.685,50
498.0248,50
498.3647,50
498.6845,50
499.0243,50
499.3641,50
499.6839,50
500.0237,50
500.3636,50
500.6834,50
501.0232,50
501.363,50
501.6828,50
502.0226,50
502.3625,50
502.6823,50
503.0221,50
503.3619,50
503.6817,50
504.0215,50
504.3614,50
504.6812,50
505.021,50
505.3608,50
505.6806,50
506.0204,50
506.3603,50
506.6801,50
507.0199,50
507.3597,50
507.6795,50
508.0193,50
508.3592,50
508.679,50
509.0188,50
509.3586,50
509.6784,50
510.0182,50
510.3581,50
510.6779,50
511.0177,50
511.3575,50
511.6773,50
512.0172,50
512.3575,50
512.6778,50
513.0181,50
513.3585,50
513.6788,50
514.0191,50
514.3594,50
514.6797,50
515.0201,50
515.3604,50
515.6807,50
516.0211,50
516.3614,50
516.6817,50
517.022,50
517.3624,50
517.6827,50
518.023,50
518.3633,50
518.6837,50
519.024,50
519.3643,50
519.6846,50
520.025,50
520.3653,50
520.6856,50
521.0259,50
521.3663,50
521.6866,50
522.0269,50
522.3672,50
522.6876,50
523.0279,50
523.3682,50
523.6885,50
524.0289,50
524.3692,50
524.6895,50
525.0298,50
525.3702,50
525.6905,50
526.0308,50
526.3712,50
526.6915,50
527.0318,50
527.3721,50
527.6924,50
528.0328,50
528.3731,50
528.6934,50
529.0338,50
529.3741,50
529.6944,50
530.0347,50
530.3751,50
530.6954,50
531.0357,50
531.376,50
531.6964,50
532.0367,50
532.377,50
532.6973,50
533.0377,50
533.378,50
533.6983,50
534.0386,50
534.379,50
534.6993,50
535.0396,50
535.3799,50
535.7003,50
536.0406,50
536.3809,50
536.7012,50
537.0416,50
537.3819,50
537.7022,50
538.0425,50
538.3829,50
538.7032,50
539.0435,50
539.3839,50
539.7042,50
540.0445,50
540.3848,50
540.7051,50
541.0455,50
541.3858,50
541.7061,50
542.0464,50
542.3868,50
542.7071,50
543.0474,50
543.3878,50
543.7081,50
544.0484,50
544.3887,50
544.709,50
545.0494,50
545.3897,50
545.71,50
546.0504,50
546.3907,50
546.711,50
547.0513,50
547.3917,50
547.712,50
548.0523,50
548.3926,50
548.713,50
549.0533,50
549.3936,50
549.7139,50
550.0543,50
550.3946,50
550.7149,50
551.0552,50
551.3956,50
551.7159,50
552.0562,50
552.3965,50
552.7169,50
553.0572,50
553.3975,50
553.7178,50
554.0582,50
554.3985,50
554.7188,50
555.0591,50
555.3995,50
555.7198,50
556.0601,50
556.4005,50
556.7208,50
557.0611,50
557.4014,50
557.7217,50
558.0621,50
558.4024,50
558.7227,50
559.063,50
559.4034,50
559.7237,50
560.064,50
560.4044,50
560.7247,50
561.065,50
561.4053,50
561.7256,50
562.066,50
562.4063,50
562.7266,50
563.067,50
563.4073,50
563.7276,50
564.0679,50
564.4083,50
564.7286,50
565.0689,50
565.4092,50
565.7296,50
566.0699,50
566.4102,50
566.7305,50
567.0709,50
567.4112,50
567.7315,50
568.0718,50
568.4122,50
568.7325,50
569.0728,50
569.4131,50
569.7335,50
570.0738,50
570.4141,50
570.7344,50
571.0748,50
571.4151,50
571.7354,50
572.0757,50
572.4161,50
572.7364,50
573.0767,50
573.4171,50
573.7374,50
574.0777,50
574.418,50
574.7383,50
575.0787,50
575.419,50
575.7393,50
576.0797,50
576.42,50
576.7403,50
577.0806,50
577.421,50
577.7413,50
578.0816,50
578.4219,50
578.7422,50
579.0826,50
579.4229,50
579.7432,50
580.0836,50
580.4239,50
580.7442,50
581.0845,50
581.4249,50
581.7452,50
582.0855,50
582.4258,50
582.7462,50
583.0865,50
583.4268,50
583.7471,50
584.0875,50
584.4278,50
584.7481,50
585.0884,50
585.4288,50
585.7491,50
586.0894,50
586.4297,50
586.7501,50
587.0904,50
587.4307,50
587.751,50
588.0914,50
588.4317,50
588.752,50
589.0923,50
589.4327,50
589.753,50
590.0933,50
590.4337,50
590.754,50
591.0943,50
591.4346,50
591.7549,50
592.0953,50
592.4356,50
592.7559,50
593.0963,50
593.4366,50
593.7569,50
594.0972,50
594.4376,50
594.7579,50
595.0982,50
595.4385,50
595.7589,50
596.0992,50
596.4395,50
596.7598,50
597.1002,50
597.4405,50
597.7608,50
598.1011,50
598.4415,50
598.7618,50
599.1021,50
599.4424,50
599.7628,50
600.1031,50
600.4434,50
600.7637,50
601.1041,50
601.4444,50
601.7647,50
602.105,50
602.4454,50
602.7657,50
603.106,50
603.4464,50
603.7667,50
604.107,50
604.4473,50
604.7676,50
605.108,50
605.4483,50
605.7686,50
606.1089,50
606.4493,50
606.7696,50
607.1099,50
607.4503,50
607.7706,50
608.1109,50
608.4512,50
608.7715,50
609.1119,50
609.4522,50
609.7725,50
610.1129,50
610.4532,50
610.7735,50
611.1138,50
611.4542,50
611.7745,50
612.1148,50
612.4551,50
612.7755,50
613.1158,50
613.4561,50
613.7764,50
614.1168,50
614.4571,50
614.7774,50
615.1177,50
615.4581,50
615.7784,50
616.1187,50
616.459,50
616.7794,50
617.1197,50
617.46,50
617.7803,50
618.1207,50
618.461,50
618.7813,50
619.1216,50
619.462,50
619.7823,50
620.1226,50
620.463,50
620.7833,50
621.1236,50
621.4639,50
621.7842,50
622.1246,50
622.4649,50
622.7852,50
623.1255,50
623.4659,50
623.7862,50
624.1265,50
624.4669,50
624.7872,50
625.1275,50
625.4678,50
625.7881,50
626.1285,50
626.4688,50
626.7891,50
627.1295,50
627.4698,50
627.7901,50
628.1304,50
628.4708,50
628.7911,50
629.1314,50
629.4717,50
629.7921,50
630.1324,50
630.4727,50
630.793,50
631.1334,50
631.4737,50
631.794,50
632.1343,50
632.4747,50
632.795,50
633.1353,50
633.4756,50
633.796,50
634.1363,50
634.4766,50
634.7969,50
635.1373,50
635.4776,50
635.7979,50
636.1382,50
636.4786,50
636.7989,50
637.1392,50
637.4796,50
637.7999,50
638.1402,50
638.4805,50
638.8008,50
639.1412,50
639.4815,50
639.8018,50
640.1422,50
640.4825,50
640.8028,50
641.1431,50
641.4835,50
641.8038,50
642.1441,50
642.4844,50
642.8047,50
643.1451,50
643.4854,50
643.8057,50
644.1461,50
644.4864,50
644.8067,50
645.147,50
645.4874,50
645.8077,50
646.148,50
646.4883,50
646.8087,50
647.149,50
647.4893,50
647.8096,50
648.15,50
648.4903,50
648.8106,50
649.1509,50
649.4913,50
649.8116,50
650.1519,50
650.4922,50
650.8126,50
651.1529,50
651.4932,50
651.8135,50
652.1539,50
652.4942,50
652.8145,50
653.1548,50
653.4952,50
653.8155,50
654.1558,50
654.4962,50
654.8165,50
655.1568,50
655.4971,50
655.8174,50
656.1578,50
656.4981,50
656.8184,50
657.1588,50
657.4991,50
657.8194,50
658.1597,50
658.5001,50
658.8204,50
659.1607,50
659.501,50
659.8214,50
660.1617,50
660.502,50
660.8223,50
661.1627,50
661.503,50
661.8233,50
662.1636,50
662.504,50
662.8243,50
663.1646,50
663.5049,50
663.8253,50
664.1656,50
664.5059,50
664.8262,50
665.1666,50
665.5069,50
665.8272,50
666.1675,50
666.5079,50
666.8282,50
667.1685,50
667.5089,50
667.8292,50
668.1695,50
668.5098,50
668.8301,50
669.1705,50
669.5108,50
669.8311,50
670.1714,50
670.5118,50
670.8321,50
671.1724,50
671.5128,50
671.8331,50
672.1734,50
672.5137,50
672.834,50
673.1744,50
673.5147,50
673.835,50
674.1754,50
674.5157,50
674.836,50
675.1763,50
675.5167,50
675.837,50
676.1773,50
676.5176,50
676.838,50
677.1783,50
677.5186,50
677.8389,50
678.1793,50
678.5196,50
678.8399,50
679.1802,50
679.5206,50
679.8409,50
680.1812,50
680.5215,50
680.8419,50
681.1822,50
681.5225,50
681.8428,50
682.1832,50
682.5235,50
682.8438,50
683.1841,50
683.5245,50
683.8448,50
684.1851,50
684.5255,50
684.8458,50
685.1861,50
685.5264,50
685.8467,50
686.1871,50
686.5274,50
686.8477,50
687.188,50
687.5284,50
687.8487,50
688.189,50
688.5294,50
688.8497,50
689.19,50
689.5303,50
689.8506,50
690.191,50
690.5313,50
690.8516,50
691.192,50
691.5323,50
691.8526,50
692.1929,50
692.5333,50
692.8536,50
693.1939,50
693.5342,50
693.8546,50
694.1949,50
694.5352,50
694.8555,50
695.1959,50
695.5362,50
695.8565,50
696.1968,50
696.5372,50
696.8575,50
697.1978,50
697.5381,50
697.8585,50
698.1988,50
698.5391,50
698.8594,50
699.1998,50
699.5401,50
699.8604,50
700.2007,50
700.5411,50
700.8614,50
701.2017,50
701.5421,50
701.8624,50
702.2027,50
702.543,50
702.8633,50
703.2037,50
703.544,50
703.8643,50
704.2047,50
704.545,50
704.8653,50
705.2056,50
705.546,50
705.8663,50
706.2066,50
706.5469,50
706.8672,50
707.2076,50
707.5479,50
707.8682,50
708.2086,50
708.5489,50
708.8692,50
709.2095,50
709.5499,50
709.8702,50
710.2105,50
710.5508,50
710.8712,50
711.2115,50
711.5518,50
711.8721,50
712.2125,50
712.5528,50
712.8731,50
713.2134,50
713.5538,50
713.8741,50
714.2144,50
714.5547,50
714.8751,50
715.2154,50
715.5557,50
715.876,50
716.2164,50
716.5567,50
716.877,50
717.2173,50
717.5577,50
717.878,50
718.2183,50
718.5587,50
718.879,50
719.2193,50
719.5596,50
719.8799,50
720.2203,50
720.5606,50
720.8809,50
721.2213,50
721.5616,50
721.8819,50
722.2222,50
722.5626,50
722.8829,50
723.2232,50
723.5635,50
723.8839,50
724.2242,50
724.5645,50
724.8848,50
725.2252,50
725.5655,50
725.8858,50
726.2261,50
726.5665,50
726.8868,50
727.2271,50
727.5674,50
727.8878,50
728.2281,50
728.5684,50
728.8887,50
729.2291,50
729.5694,50
729.8897,50
730.23,50
730.5704,50
730.8907,50
731.231,50
731.5714,50
731.8917,50
732.232,50
732.5723,50
732.8926,50
733.233,50
733.5733,50
733.8936,50
734.2339,50
734.5743,50
734.8946,50
735.2349,50
735.5753,50
735.8956,50
736.2359,50
736.5762,50
736.8965,50
737.2369,50
737.5772,50
737.8975,50
738.2379,50
738.5782,50
738.8985,50
739.2388,50
739.5792,50
739.8995,50
740.2398,50
740.5801,50
740.9005,50
741.2408,50
741.5811,50
741.9014,50
742.2418,50
742.5821,50
742.9024,50
743.2427,50
743.5831,50
743.9034,50
744.2437,50
744.584,50
744.9044,50
745.2447,50
745.585,50
745.9053,50
746.2457,50
746.586,50
746.9063,50
747.2466,50
747.587,50
747.9073,50
748.2476,50
748.588,50
748.9083,50
749.2486,50
749.5889,50
749.9092,50
750.2496,50
750.5899,50
750.9102,50
751.2505,50
751.5909,50
751.9112,50
752.2515,50
752.5919,50
752.9122,50
753.2525,50
753.5928,50
753.9131,50
754.2535,50
754.5938,50
754.9141,50
755.2545,50
755.5948,50
755.9151,50
756.2554,50
756.5958,50
756.9161,50
757.2564,50
757.5967,50
757.9171,50
758.2574,50
758.5977,50
758.918,50
759.2584,50
759.5987,50
759.919,50
760.2593,50
760.5997,50
760.92,50
761.2603,50
761.6006,50
761.921,50
762.2613,50
762.6016,50
762.9219,50
763.2623,50
763.6026,50
763.9229,50
764.2632,50
764.6036,50
764.9239,50
765.2642,50
765.6046,50
765.9249,50
766.2652,50
766.6055,50
766.9258,50
767.2662,50
767.6065,50
767.9268,50
768.2672,50
768.6075,50
768.9278,50
769.2681,50
769.6085,50
769.9288,50
770.2691,50
770.6094,50
770.9297,50
771.2701,50
771.6104,50
771.9307,50
772.2711,50
772.6114,50
772.9317,50
773.272,50
773.6124,50
773.9327,50
774.273,50
774.6133,50
774.9337,50
775.274,50
775.6143,50
775.9346,50
776.275,50
776.6153,50
776.9356,50
777.2759,50
777.6163,50
777.9366,50
778.2769,50
778.6172,50
778.9376,50
779.2779,50
779.6182,50
779.9385,50
780.2789,50
780.6192,50
780.9395,50
781.2798,50
781.6202,50
781.9405,50
782.2808,50
782.6212,50
782.9415,50
783.2818,50
783.6221,50
783.9424,50
784.2828,50
784.6231,50
784.9434,50
785.2838,50
785.6241,50
785.9444,50
786.2847,50
786.6251,50
786.9454,50
787.2857,50
787.626,50
787.9464,50
788.2867,50
788.627,50
788.9473,50
789.2877,50
789.628,50
789.9483,50
790.2886,50
790.629,50
790.9493,50
791.2896,50
791.6299,50
791.9503,50
792.2906,50
792.6309,50
792.9512,50
793.2916,50
793.6319,50
793.9522,50
794.2925,50
794.6329,50
794.9532,50
795.2935,50
795.6339,50
795.9542,50
796.2945,50
796.6348,50
796.9551,50
797.2955,50
797.6358,50
797.9561,50
798.2964,50
798.6368,50
798.9571,50
799.2974,50
799.6378,50
799.9581,50
800.2984,50
800.6387,50
800.959,50
801.2994,50
801.6397,50
801.96,50
802.3004,50
802.6407,50
802.961,50
803.3013,50
803.6417,50
803.962,50
804.3023,50
804.6426,50
804.963,50
805.3033,50
805.6436,50
805.9639,50
806.3043,50
806.6446,50
806.9649,50
807.3052,50
807.6456,50
807.9659,50
808.3062,50
808.6465,50
808.9669,50
809.3072,50
809.6475,50
809.9678,50
810.3082,50
810.6485,50
810.9688,50
811.3091,50
811.6495,50
811.9698,50
812.3101,50
812.6505,50
812.9708,50
813.3111,50
813.6514,50
813.9717,50
814.3121,50
814.6524,50
814.9727,50
815.313,50
815.6534,50
815.9737,50
816.314,50
816.6544,50
816.9747,50
817.315,50
817.6553,50
817.9756,50
818.316,50
818.6563,50
818.9766,50
819.317,50
819.6573,50
819.9776,50
820.3179,50
820.6583,50
820.9786,50
821.3189,50
821.6592,50
821.9796,50
822.3199,50
822.6602,50
822.9805,50
823.3209,50
823.6612,50
823.9815,50
824.3218,50
824.6622,50
824.9825,50
825.3228,50
825.6631,50
825.9835,50
826.3238,50
826.6641,50
826.9844,50
827.3248,50
827.6651,50
827.9854,50
828.3257,50
828.6661,50
828.9864,50
829.3267,50
829.6671,50
829.9874,50
830.3277,50
830.668,50
830.9883,50
831.3287,50
831.669,50
831.9893,50
832.3297,50
832.67,50
832.9903,50
833.3306,50
833.671,50
833.9913,50
834.3316,50
834.6719,50
834.9922,50
835.3326,50
835.6729,50
835.9932,50
836.3336,50
836.6739,50
836.9942,50
837.3345,50
837.6749,50
837.9952,50
838.3355,50
838.6758,50
838.9962,50
839.3365,50
839.6768,50
839.9971,50
840.3375,50
840.6778,50
840.9981,50
841.3384,50
841.6788,50
841.9991,50
842.3394,50
842.6797,50
843.0001,50
843.3404,50
843.6807,50
844.001,50
844.3414,50
844.6817,50
845.002,50
845.3423,50
845.6827,50
846.003,50
846.3433,50
846.6837,50
847.004,50
847.3443,50
847.6846,50
848.0049,50
848.3453,50
848.6856,50
849.0059,50
849.3463,50
849.6866,50
850.0069,50
850.3472,50
850.6876,50
851.0079,50
851.3482,50
851.6885,50
852.0089,50
852.3492,50
852.6895,50
853.0098,50
853.3502,50
853.6905,50
854.0108,50
854.3511,50
854.6915,50
855.0118,50
855.3521,50
855.6924,50
856.0128,50
856.3531,50
856.6934,50
857.0137,50
857.3541,50
857.6944,50
858.0147,50
858.355,50
858.6954,50
859.0157,50
859.356,50
859.6964,50
860.0167,50
860.357,50
860.6973,50
861.0176,50
861.358,50
861.6983,50
862.0186,50
862.3589,50
862.6993,50
863.0196,50
863.3599,50
863.7003,50
864.0206,50
864.3609,50
864.7012,50
865.0215,50
865.3619,50
865.7022,50
866.0225,50
866.3629,50
866.7032,50
867.0235,50
867.3638,50
867.7042,50
868.0245,50
868.3648,50
868.7051,50
869.0255,50
869.3658,50
869.7061,50
870.0264,50
870.3668,50
870.7071,50
871.0274,50
871.3677,50
871.7081,50
872.0284,50
872.3687,50
872.709,50
873.0294,50
873.3697,50
873.71,50
874.0303,50
874.3707,50
874.711,50
875.0313,50
875.3716,50
875.712,50
876.0323,50
876.3726,50
876.713,50
877.0333,50
877.3736,50
877.7139,50
878.0342,50
878.3746,50
878.7149,50
879.0352,50
879.3755,50
879.7159,50
880.0362,50
880.3765,50
880.7169,50
881.0372,50
881.3775,50
881.7178,50
882.0381,50
882.3785,50
882.7188,50
883.0391,50
883.3795,50
883.7198,50
884.0401,50
884.3804,50
884.7208,50
885.0411,50
885.3814,50
885.7217,50
886.0421,50
886.3824,50
886.7227,50
887.043,50
887.3834,50
887.7237,50
888.044,50
888.3843,50
888.7247,50
889.045,50
889.3853,50
889.7256,50
890.046,50
890.3863,50
890.7266,50
891.0469,50
891.3873,50
891.7276,50
892.0479,50
892.3882,50
892.7286,50
893.0489,50
893.3892,50
893.7296,50
894.0499,50
894.3902,50
894.7305,50
895.0508,50
895.3912,50
895.7315,50
896.0518,50
896.3922,50
896.7325,50
897.0528,50
897.3931,50
897.7335,50
898.0538,50
898.3941,50
898.7344,50
899.0547,50
899.3951,50
899.7354,50
900.0557,50
900.3961,50
900.7364,50
901.0567,50
901.397,50
901.7374,50
902.0577,50
902.398,50
902.7383,50
903.0587,50
903.399,50
903.7393,50
904.0596,50
904.4,50
904.7403,50
905.0606,50
905.4009,50
905.7413,50
906.0616,50
906.4019,50
906.7422,50
907.0626,50
907.4029,50
907.7432,50
908.0635,50
908.4039,50
908.7442,50
909.0645,50
909.4048,50
909.7452,50
910.0655,50
910.4058,50
910.7462,50
911.0665,50
911.4068,50
911.7471,50
912.0674,50
912.4078,50
912.7481,50
913.0684,50
913.4088,50
913.7491,50
914.0694,50
914.4097,50
914.7501,50
915.0704,50
915.4107,50
915.751,50
916.0714,50
916.4117,50
916.752,50
917.0723,50
917.4127,50
917.753,50
918.0733,50
918.4136,50
918.754,50
919.0743,50
919.4146,50
919.7549,50
920.0753,50
920.4156,50
920.7559,50
921.0762,50
921.4166,50
921.7569,50
922.0772,50
922.4175,50
922.7579,50
923.0782,50
923.4185,50
923.7589,50
924.0792,50
924.4195,50
924.7598,50
925.0801,50
925.4205,50
925.7608,50
926.0811,50
926.4214,50
926.7618,50
927.0821,50
927.4224,50
927.7628,50
928.0831,50
928.4234,50
928.7637,50
929.084,50
929.4244,50
929.7647,50
930.085,50
930.4254,50
930.7657,50
931.086,50
931.4263,50
931.7667,50
932.087,50
932.4273,50
932.7676,50
933.088,50
933.4283,50
933.7686,50
934.0889,50
934.4293,50
934.7696,50
935.0899,50
935.4302,50
935.7706,50
936.0909,50
936.4312,50
936.7715,50
937.0919,50
937.4322,50
937.7725,50
938.0928,50
938.4332,50
938.7735,50
939.0938,50
939.4341,50
939.7745,50
940.0948,50
940.4351,50
940.7755,50
941.0958,50
941.4361,50
941.7764,50
942.0967,50
942.4371,50
942.7774,50
943.0977,50
943.438,50
943.7784,50
944.0987,50
944.439,50
944.7794,50
945.0997,50
945.44,50
945.7803,50
946.1006,50
946.441,50
946.7813,50
947.1016,50
947.442,50
947.7823,50
948.1026,50
948.4429,50
948.7833,50
949.1036,50
949.4439,50
949.7842,50
950.1046,50
950.4449,50
950.7852,50
951.1055,50
951.4459,50
951.7862,50
952.1065,50
952.4468,50
952.7872,50
953.1075,50
953.4478,50
953.7881,50
954.1085,50
954.4488,50
954.7891,50
955.1094,50
955.4498,50
955.7901,50
956.1104,50
956.4507,50
956.7911,50
957.1114,50
957.4517,50
957.7921,50
958.1124,50
958.4527,50
958.793,50
959.1133,50
959.4537,50
959.794,50
960.1143,50
960.4547,50
960.795,50
961.1153,50
961.4556,50
961.796,50
962.1163,50
962.4566,50
962.7969,50
963.1172,50
963.4576,50
963.7979,50
964.1182,50
964.4586,50
964.7989,50
965.1192,50
965.4595,50
965.7999,50
966.1202,50
966.4605,50
966.8008,50
967.1212,50
967.4615,50
967.8018,50
968.1221,50
968.4625,50
968.8028,50
969.1231,50
969.4634,50
969.8038,50
970.1241,50
970.4644,50
970.8047,50
971.1251,50
971.4654,50
971.8057,50
972.126,50
972.4664,50
972.8067,50
973.127,50
973.4673,50
973.8077,50
974.128,50
974.4683,50
974.8087,50
975.129,50
975.4693,50
975.8096,50
976.1299,50
976.4703,50
976.8106,50
977.1309,50
977.4713,50
977.8116,50
978.1319,50
978.4722,50
978.8126,50
979.1329,50
979.4732,50
979.8135,50
980.1339,50
980.4742,50
980.8145,50
981.1348,50
981.4752,50
981.8155,50
982.1358,50
982.4761,50
982.8165,50
983.1368,50
983.4771,50
983.8174,50
984.1378,50
984.4781,50
984.8184,50
985.1387,50
985.4791,50
985.8194,50
986.1397,50
986.48,50
986.8204,50
987.1407,50
987.481,50
987.8214,50
988.1417,50
988.482,50
988.8223,50
989.1426,50
989.483,50
989.8233,50
990.1436,50
990.4839,50
990.8243,50
991.1446,50
991.4849,50
991.8253,50
992.1456,50
992.4859,50
992.8262,50
993.1465,50
993.4869,50
993.8272,50
994.1475,50
994.4879,50
994.8282,50
995.1485,50
995.4888,50
995.8292,50
996.1495,50
996.4898,50
996.8301,50
997.1505,50
997.4908,50
997.8311,50
998.1514,50
998.4918,50
998.8321,50
999.1524,50
999.4927,50
999.8331,50
1000.153,50
1000.494,50
1000.834,50
1001.154,50
1001.495,50
1001.835,50
1002.155,50
1002.496,50
1002.836,50
1003.156,50
1003.497,50
1003.837,50
1004.157,50
1004.498,50
1004.838,50
1005.158,50
1005.499,50
1005.839,50
1006.159,50
1006.5,50
1006.84,50
1007.16,50
1007.501,50
1007.841,50
1008.161,50
1008.502,50
1008.842,50
1009.162,50
1009.503,50
1009.843,50
1010.163,50
1010.503,50
1010.844,50
1011.164,50
1011.504,50
1011.845,50
1012.165,50
1012.505,50
1012.846,50
1013.166,50
1013.506,50
1013.847,50
1014.167,50
1014.507,50
1014.848,50
1015.168,50
1015.508,50
1015.849,50
1016.169,50
1016.509,50
1016.85,50
1017.17,50
1017.51,50
1017.851,50
1018.171,50
1018.511,50
1018.852,50
1019.172,50
1019.512,50
1019.853,50
1020.173,50
1020.513,50
1020.854,50
1021.174,50
1021.514,50
1021.855,50
1022.175,50
1022.515,50
1022.856,50
1023.176,50
1023.516,50
1023.857,50
1024.177,50
1024.517,50
1024.857,50
1025.178,50
1025.518,50
1025.858,50
1026.179,50
1026.519,50
1026.859,50
1027.18,50
1027.52,50
1027.86,50
1028.181,50
1028.521,50
1028.861,50
1029.182,50
1029.522,50
1029.862,50
1030.183,50
1030.523,50
1030.863,50
1031.184,50
1031.524,50
1031.864,50
1032.185,50
1032.525,50
1032.865,50
1033.186,50
1033.526,50
1033.866,50
1034.187,50
1034.527,50
1034.867,50
1035.188,50
1035.528,50
1035.868,50
1036.188,50
1036.529,50
1036.869,50
1037.189,50
1037.53,50
1037.87,50
1038.19,50
1038.531,50
1038.871,50
1039.191,50
1039.532,50
1039.872,50
1040.192,50
1040.533,50
1040.873,50
1041.193,50
1041.534,50
1041.874,50
1042.194,50
1042.535,50
1042.875,50
1043.195,50
1043.536,50
1043.876,50
1044.196,50
1044.537,50
1044.877,50
1045.197,50
1045.538,50
1045.878,50
1046.198,50
1046.539,50
1046.879,50
1047.199,50
1047.54,50
1047.88,50
1048.2,50
1048.541,50
1048.881,50
1049.201,50
1049.542,50
1049.882,50
1050.202,50
1050.542,50
1050.883,50
1051.203,50
1051.543,50
1051.884,50
1052.204,50
1052.544,50
1052.885,50
1053.205,50
1053.545,50
1053.886,50
1054.206,50
1054.546,50
1054.887,50
1055.207,50
1055.547,50
1055.888,50
1056.208,50
1056.548,50
1056.889,50
1057.209,50
1057.549,50
1057.89,50
1058.21,50
1058.55,50
1058.891,50
1059.211,50
1059.551,50
1059.892,50
1060.212,50
1060.552,50
1060.893,50
1061.213,50
1061.553,50
1061.894,50
1062.214,50
1062.554,50
1062.895,50
1063.215,50
1063.555,50
1063.896,50
1064.216,50
1064.556,50
1064.896,50
1065.217,50
1065.557,50
1065.897,50
1066.218,50
1066.558,50
1066.898,50
1067.219,50
1067.559,50
1067.899,50
1068.22,50
1068.56,50
1068.9,50
1069.221,50
1069.561,50
1069.901,50
1070.222,50
1070.562,50
1070.902,50
1071.223,50
1071.563,50
1071.903,50
1072.224,50
1072.564,50
1072.904,50
1073.225,50
1073.565,50
1073.905,50
1074.226,50
1074.566,50
1074.906,50
1075.227,50
1075.567,50
1075.907,50
1076.228,50
1076.568,50
1076.908,50
1077.229,50
1077.569,50
1077.909,50
1078.229,50
1078.57,50
1078.91,50
1079.23,50
1079.571,50
1079.911,50
1080.231,50
1080.572,50
1080.912,50
1081.232,50
1081.573,50
1081.913,50
1082.233,50
1082.574,50
1082.914,50
1083.234,50
1083.575,50
1083.915,50
1084.235,50
1084.576,50
1084.916,50
1085.236,50
1085.577,50
1085.917,50
1086.237,50
1086.578,50
1086.918,50
1087.238,50
1087.579,50
1087.919,50
1088.239,50
1088.58,50
1088.92,50
1089.24,50
1089.581,50
1089.921,50
1090.241,50
1090.582,50
1090.922,50
1091.242,50
1091.583,50
1091.923,50
1092.243,50
1092.583,50
1092.924,50
1093.244,50
1093.584,50
1093.925,50
1094.245,50
1094.585,50
1094.926,50
1095.246,50
1095.586,50
1095.927,50
1096.247,50
1096.587,50
1096.928,50
1097.248,50
1097.588,50
1097.929,50
1098.249,50
1098.589,50
1098.93,50
1099.25,50
1099.59,50
1099.931,50
1100.251,50
1100.591,50
1100.932,50
1101.252,50
1101.592,50
1101.933,50
1102.253,50
1102.593,50
1102.934,50
1103.254,50
1103.594,50
1103.935,50
1104.255,50
1104.595,50
1104.936,50
1105.256,50
1105.596,50
1105.937,50
1106.257,50
1106.597,50
1106.938,50
1107.258,50
1107.598,50
1107.938,50
1108.259,50
1108.599,50
1108.939,50
1109.26,50
1109.6,50
1109.94,50
1110.261,50
1110.601,50
1110.941,50
1111.262,50
1111.602,50
1111.942,50
1112.263,50
1112.603,50
1112.943,50
1113.264,50
1113.604,50
1113.944,50
1114.265,50
1114.605,50
1114.945,50
1115.266,50
1115.606,50
1115.946,50
1116.267,50
1116.607,50
1116.947,50
1117.268,50
1117.608,50
1117.948,50
1118.269,50
1118.609,50
1118.949,50
1119.27,50
1119.61,50
1119.95,50
1120.271,50
1120.611,50
1120.951,50
1121.271,50
1121.612,50
1121.952,50
1122.272,50
1122.613,50
1122.953,50
1123.273,50
1123.614,50
1123.954,50
1124.274,50
1124.615,50
1124.955,50
1125.275,50
1125.616,50
1125.956,50
1126.276,50
1126.617,50
1126.957,50
1127.277,50
1127.618,50
1127.958,50
1128.278,50
1128.619,50
1128.959,50
1129.279,50
1129.62,50
1129.96,50
1130.28,50
1130.621,50
1130.961,50
1131.281,50
1131.622,50
1131.962,50
1132.282,50
1132.623,50
1132.963,50
1133.283,50
1133.624,50
1133.964,50
1134.284,50
1134.625,50
1134.965,50
1135.285,50
1135.625,50
1135.966,50
1136.286,50
1136.626,50
1136.967,50
1137.287,50
1137.627,50
1137.968,50
1138.288,50
1138.628,50
1138.969,50
1139.289,50
1139.629,50
1139.97,50
1140.29,50
1140.63,50
1140.971,50
1141.291,50
1141.631,50
1141.972,50
1142.292,50
1142.632,50
1142.973,50
1143.293,50
1143.633,50
1143.974,50
1144.294,50
1144.634,50
1144.975,50
1145.295,50
1145.635,50
1145.976,50
1146.296,50
1146.636,50
1146.977,50
1147.297,50
1147.637,50
1147.978,50
1148.298,50
1148.638,50
1148.979,50
1149.299,50
1149.639,50
1149.979,50
1150.3,50
1150.64,50
1150.98,50
1151.301,50
1151.641,50
1151.981,50
1152.302,50
1152.642,50
1152.982,50
1153.303,50
1153.643,50
1153.983,50
1154.304,50
1154.644,50
1154.984,50
1155.305,50
1155.645,50
1155.985,50
1156.306,50
1156.646,50
1156.986,50
1157.307,50
1157.647,50
1157.987,50
1158.308,50
1158.648,50
1158.988,50
1159.309,50
1159.649,50
1159.989,50
1160.31,50
1160.65,50
1160.99,50
1161.311,50
1161.651,50
1161.991,50
1162.312,50
1162.652,50
1162.992,50
1163.313,50
1163.653,50
1163.993,50
1164.313,50
1164.654,50
1164.994,50
1165.314,50
1165.655,50
1165.995,50
1166.315,50
1166.656,50
1166.996,50
1167.316,50
1167.657,50
1167.997,50
1168.317,50
1168.658,50
1168.998,50
1169.318,50
1169.659,50
1169.999,50
1170.319,50
1170.66,50
1171,50
1171.32,50
1171.661,50
1172.001,50
1172.321,50
1172.662,50
1173.002,50
1173.322,50
1173.663,50
1174.003,50
1174.323,50
1174.664,50
1175.004,50
1175.324,50
1175.665,50
1176.005,50
1176.325,50
1176.666,50
1177.006,50
1177.326,50
1177.667,50
1178.007,50
1178.327,50
1178.667,50
1179.008,50
1179.328,50
1179.668,50
1180.009,50
1180.329,50
1180.669,50
1181.01,50
1181.33,50
1181.67,50
1182.011,50
1182.331,50
1182.671,50
1183.012,50
1183.332,50
1183.672,50
1184.013,50
1184.333,50
1184.673,50
1185.014,50
1185.334,50
1185.674,50
1186.015,50
1186.335,50
1186.675,50
1187.016,50
1187.336,50
1187.676,50
1188.017,50
1188.337,50
1188.677,50
1189.018,50
1189.338,50
1189.678,50
1190.019,50
1190.339,50
1190.679,50
1191.02,50
1191.34,50
1191.68,50
1192.021,50
1192.341,50
1192.681,50
1193.021,50
1193.342,50
1193.682,50
1194.022,50
1194.343,50
1194.683,50
1195.023,50
1195.344,50
1195.684,50
1196.024,50
1196.345,50
1196.685,50
1197.025,50
1197.346,50
1197.686,50
1198.026,50
1198.347,50
1198.687,50
1199.027,50
1199.348,50
1199.688,50
1200.028,50
1200.349,50
1200.689,50
1201.029,50
1201.35,50
1201.69,50
1202.03,50
1202.351,50
1202.691,50
1203.031,50
1203.352,50
1203.692,50
1204.032,50
1204.353,50
1204.693,50
1205.033,50
1205.354,50
1205.694,50
1206.034,50
1206.354,50
1206.695,50
1207.035,50
1207.355,50
1207.696,50
1208.036,50
1208.356,50
1208.697,50
1209.037,50
1209.357,50
1209.698,50
1210.038,50
1210.358,50
1210.699,50
1211.039,50
1211.359,50
1211.7,50
1212.04,50
1212.36,50
1212.701,50
1213.041,50
1213.361,50
1213.702,50
1214.042,50
1214.362,50
1214.703,50
1215.043,50
1215.363,50
1215.704,50
1216.044,50
1216.364,50
1216.705,50
1217.045,50
1217.365,50
1217.706,50
1218.046,50
1218.366,50
1218.707,50
1219.047,50
1219.367,50
1219.708,50
1220.048,50
1220.368,50
1220.708,50
1221.049,50
1221.369,50
1221.709,50
1222.05,50
1222.37,50
1222.71,50
1223.051,50
1223.371,50
1223.711,50
1224.052,50
1224.372,50
1224.712,50
1225.053,50
1225.373,50
1225.713,50
1226.054,50
1226.374,50
1226.714,50
1227.055,50
1227.375,50
1227.715,50
1228.056,50
1228.376,50
1228.716,50
1229.057,50
1229.377,50
1229.717,50
1230.058,50
1230.378,50
1230.718,50
1231.059,50
1231.379,50
1231.719,50
1232.06,50
1232.38,50
1232.72,50
1233.061,50
1233.381,50
1233.721,50
1234.062,50
1234.382,50
1234.722,50
1235.063,50
1235.383,50
1235.723,50
1236.063,50
1236.384,50
1236.724,50
1237.064,50
1237.385,50
1237.725,50
1238.065,50
1238.386,50
1238.726,50
1239.066,50
1239.387,50
1239.727,50
1240.067,50
1240.388,50
1240.728,50
1241.068,50
1241.389,50
1241.729,50
1242.069,50
1242.39,50
1242.73,50
1243.07,50
1243.391,50
1243.731,50
1244.071,50
1244.392,50
1244.732,50
1245.072,50
1245.393,50
1245.733,50
1246.073,50
1246.394,50
1246.734,50
1247.074,50
1247.395,50
1247.735,50
1248.075,50
1248.396,50
1248.736,50
1249.076,50
1249.396,50
1249.737,50
1250.077,50
1250.397,50
1250.738,50
1251.078,50
1251.398,50
1251.739,50
1252.079,50
1252.399,50
1252.74,50
1253.08,50
1253.4,50
1253.741,50
1254.081,50
1254.401,50
1254.742,50
1255.082,50
1255.402,50
1255.743,50
1256.083,50
1256.403,50
1256.744,50
1257.084,50
1257.404,50
1257.745,50
1258.085,50
1258.405,50
1258.746,50
1259.086,50
1259.406,50
1259.747,50
1260.087,50
1260.407,50
1260.748,50
1261.088,50
1261.408,50
1261.749,50
1262.089,50
1262.409,50
1262.75,50
1263.09,50
1263.41,50
1263.75,50
1264.091,50
1264.411,50
1264.751,50
1265.092,50
1265.412,50
1265.752,50
1266.093,50
1266.413,50
1266.753,50
1267.094,50
1267.414,50
1267.754,50
